#NAME: tdsCastem 
#COLUMN_NAMES: Def_C | Def_S | Def_W | F_0 | F_C | F_S | F_W | T_in | fast_flux | MSI | grid_clamping | C_growth | C_creep 
#COLUMN_TYPES:  D | D | D | D | D | D | D | D | D | D | D | D | D |

0.00084473 -0.00089884 0.00024737 0.00000000 0.00000000 0.00000000 0.00000000 549.1204060749873 8.237881025313126e+17 0.012085466757645822 9.242133003701298 1.2187385455387685 1.3836439061624477 
0.00138824 -0.00048034 -0.00005235 0.00000000 0.00000000 0.00000000 0.00000000 549.1204060749873 8.237881025313126e+17 0.012085466757645822 9.957705666158663 1.2187385455387685 1.3836439061624477 
-0.00142776 0.00053322 -0.00063350 0.00000000 0.00000000 0.00000000 0.00000000 549.1204060749873 8.237881025313126e+17 0.012085466757645822 11.285932078942006 1.2187385455387685 1.3836439061624477 
0.00204047 0.00131952 -0.00008691 0.00000000 0.00000000 0.00000000 0.00000000 549.1204060749873 8.237881025313126e+17 0.012085466757645822 9.37550699409833 1.2187385455387685 1.3836439061624477 
0.00013696 0.00073715 -0.00004234 0.00000000 0.00000000 0.00000000 0.00000000 549.1204060749873 8.237881025313126e+17 0.012085466757645822 9.567717468491745 1.2187385455387685 1.3836439061624477 
-0.00149642 -0.00009280 0.00085066 0.00000000 0.00000000 0.00000000 0.00000000 549.1204060749873 8.237881025313126e+17 0.012085466757645822 11.671256216130269 1.2187385455387685 1.3836439061624477 
0.00034720 0.00100532 -0.00014408 0.00000000 0.00000000 0.00000000 0.00000000 549.1204060749873 8.237881025313126e+17 0.012085466757645822 10.98440523471051 1.2187385455387685 1.3836439061624477 
0.00060848 0.00064529 -0.00000276 0.00000000 0.00000000 0.00000000 0.00000000 549.1204060749873 8.237881025313126e+17 0.012085466757645822 10.456295608709329 1.2187385455387685 1.3836439061624477 
0.00025557 0.00066777 0.00064288 0.00000000 0.00000000 0.00000000 0.00000000 549.1204060749873 8.237881025313126e+17 0.012085466757645822 9.048876869455729 1.2187385455387685 1.3836439061624477 
0.00479240 0.00001541 -0.00022765 0.00000000 0.00000000 0.00000000 0.00000000 549.1204060749873 8.237881025313126e+17 0.012085466757645822 10.411853124806393 1.2187385455387685 1.3836439061624477 
0.00108715 -0.00000093 -0.00014284 0.00000000 0.00000000 0.00000000 0.00000000 549.1204060749873 8.237881025313126e+17 0.012085466757645822 10.640749888708838 1.2187385455387685 1.3836439061624477 
0.00084228 0.00038642 0.00050355 0.00000000 0.00000000 0.00000000 0.00000000 549.1204060749873 8.237881025313126e+17 0.012085466757645822 9.649827550509503 1.2187385455387685 1.3836439061624477 
0.00504621 -0.00151963 0.00013880 0.00000000 0.00000000 0.00000000 0.00000000 549.1204060749873 8.237881025313126e+17 0.012085466757645822 13.045285001148038 1.2187385455387685 1.3836439061624477 
0.00375938 -0.00087611 0.00062730 0.00000000 0.00000000 0.00000000 0.00000000 549.1204060749873 8.237881025313126e+17 0.012085466757645822 9.782802749239123 1.2187385455387685 1.3836439061624477 
-0.00088021 -0.00246156 0.00043583 0.00000000 0.00000000 0.00000000 0.00000000 549.1204060749873 8.237881025313126e+17 0.012085466757645822 9.648479882628697 1.2187385455387685 1.3836439061624477 
#NAME: tdsCastem 
#COLUMN_NAMES: Def_C | Def_S | Def_W | F_0 | F_C | F_S | F_W | T_in | fast_flux | MSI | grid_clamping | C_growth | C_creep 
#COLUMN_TYPES:  D | D | D | D | D | D | D | D | D | D | D | D | D |

0.00106455 -0.00184583 -0.00055837 0.00000000 0.00000000 0.00000000 0.00000000 549.6217361192499 7.784595772716088e+17 0.010786143729327919 9.876774199560643 0.7503431835269334 1.0438226876583918 
-0.00224107 0.00082181 -0.00033703 0.00000000 0.00000000 0.00000000 0.00000000 549.6217361192499 7.784595772716088e+17 0.010786143729327919 8.430047325972648 0.7503431835269334 1.0438226876583918 
0.00099190 0.00114941 -0.00013129 0.00000000 0.00000000 0.00000000 0.00000000 549.6217361192499 7.784595772716088e+17 0.010786143729327919 8.364809098021414 0.7503431835269334 1.0438226876583918 
0.00101260 0.00061876 -0.00052364 0.00000000 0.00000000 0.00000000 0.00000000 549.6217361192499 7.784595772716088e+17 0.010786143729327919 10.38477832443451 0.7503431835269334 1.0438226876583918 
0.00025119 0.00110185 0.00080318 0.00000000 0.00000000 0.00000000 0.00000000 549.6217361192499 7.784595772716088e+17 0.010786143729327919 10.187871653673312 0.7503431835269334 1.0438226876583918 
-0.00099432 -0.00063772 -0.00072050 0.00000000 0.00000000 0.00000000 0.00000000 549.6217361192499 7.784595772716088e+17 0.010786143729327919 9.573772440315839 0.7503431835269334 1.0438226876583918 
0.00068096 0.00098237 0.00117546 0.00000000 0.00000000 0.00000000 0.00000000 549.6217361192499 7.784595772716088e+17 0.010786143729327919 8.424268770356257 0.7503431835269334 1.0438226876583918 
-0.00337093 0.00084352 0.00034306 0.00000000 0.00000000 0.00000000 0.00000000 549.6217361192499 7.784595772716088e+17 0.010786143729327919 9.174386053205746 0.7503431835269334 1.0438226876583918 
0.00088688 0.00058259 -0.00021386 0.00000000 0.00000000 0.00000000 0.00000000 549.6217361192499 7.784595772716088e+17 0.010786143729327919 10.725143174494475 0.7503431835269334 1.0438226876583918 
0.00162199 -0.00156910 0.00029520 0.00000000 0.00000000 0.00000000 0.00000000 549.6217361192499 7.784595772716088e+17 0.010786143729327919 9.683005012882072 0.7503431835269334 1.0438226876583918 
0.00016957 -0.00021518 0.00056985 0.00000000 0.00000000 0.00000000 0.00000000 549.6217361192499 7.784595772716088e+17 0.010786143729327919 8.181578041496959 0.7503431835269334 1.0438226876583918 
0.00096753 -0.00154719 -0.00000786 0.00000000 0.00000000 0.00000000 0.00000000 549.6217361192499 7.784595772716088e+17 0.010786143729327919 11.432360957416734 0.7503431835269334 1.0438226876583918 
-0.00092065 0.00101090 0.00083569 0.00000000 0.00000000 0.00000000 0.00000000 549.6217361192499 7.784595772716088e+17 0.010786143729327919 8.750026293906478 0.7503431835269334 1.0438226876583918 
0.00083742 0.00181413 -0.00012069 0.00000000 0.00000000 0.00000000 0.00000000 549.6217361192499 7.784595772716088e+17 0.010786143729327919 9.99716658058838 0.7503431835269334 1.0438226876583918 
-0.00081018 -0.00011317 0.00087356 0.00000000 0.00000000 0.00000000 0.00000000 549.6217361192499 7.784595772716088e+17 0.010786143729327919 11.809039071445971 0.7503431835269334 1.0438226876583918 
#NAME: tdsCastem 
#COLUMN_NAMES: Def_C | Def_S | Def_W | F_0 | F_C | F_S | F_W | T_in | fast_flux | MSI | grid_clamping | C_growth | C_creep 
#COLUMN_TYPES:  D | D | D | D | D | D | D | D | D | D | D | D | D |

0.00180423 0.00131000 -0.00016989 0.00000000 0.00000000 0.00000000 0.00000000 555.2759605004995 7.65966657499874e+17 0.016299254499687797 10.026477260332516 0.6646193016332607 1.3092574574059594 
0.00019151 -0.00007328 0.00001633 0.00000000 0.00000000 0.00000000 0.00000000 555.2759605004995 7.65966657499874e+17 0.016299254499687797 10.304915013117153 0.6646193016332607 1.3092574574059594 
-0.00080775 0.00110726 -0.00083423 0.00000000 0.00000000 0.00000000 0.00000000 555.2759605004995 7.65966657499874e+17 0.016299254499687797 11.031071023666655 0.6646193016332607 1.3092574574059594 
-0.00463709 -0.00126676 -0.00078395 0.00000000 0.00000000 0.00000000 0.00000000 555.2759605004995 7.65966657499874e+17 0.016299254499687797 10.692071315532564 0.6646193016332607 1.3092574574059594 
-0.00056238 0.00016089 -0.00001097 0.00000000 0.00000000 0.00000000 0.00000000 555.2759605004995 7.65966657499874e+17 0.016299254499687797 9.415925568056387 0.6646193016332607 1.3092574574059594 
-0.00141293 -0.00028741 -0.00097865 0.00000000 0.00000000 0.00000000 0.00000000 555.2759605004995 7.65966657499874e+17 0.016299254499687797 11.072388956210638 0.6646193016332607 1.3092574574059594 
0.00283657 -0.00051579 0.00097214 0.00000000 0.00000000 0.00000000 0.00000000 555.2759605004995 7.65966657499874e+17 0.016299254499687797 12.198365752013604 0.6646193016332607 1.3092574574059594 
-0.00151628 -0.00028852 0.00056351 0.00000000 0.00000000 0.00000000 0.00000000 555.2759605004995 7.65966657499874e+17 0.016299254499687797 9.611293264428879 0.6646193016332607 1.3092574574059594 
0.00158845 0.00157057 0.00022047 0.00000000 0.00000000 0.00000000 0.00000000 555.2759605004995 7.65966657499874e+17 0.016299254499687797 8.873053432968216 0.6646193016332607 1.3092574574059594 
-0.00000153 -0.00117757 0.00092569 0.00000000 0.00000000 0.00000000 0.00000000 555.2759605004995 7.65966657499874e+17 0.016299254499687797 9.031803592096733 0.6646193016332607 1.3092574574059594 
-0.00112068 0.00000010 0.00056096 0.00000000 0.00000000 0.00000000 0.00000000 555.2759605004995 7.65966657499874e+17 0.016299254499687797 9.328703515362282 0.6646193016332607 1.3092574574059594 
0.00070196 -0.00030278 -0.00005911 0.00000000 0.00000000 0.00000000 0.00000000 555.2759605004995 7.65966657499874e+17 0.016299254499687797 8.926767225977908 0.6646193016332607 1.3092574574059594 
0.00040308 -0.00020660 -0.00010955 0.00000000 0.00000000 0.00000000 0.00000000 555.2759605004995 7.65966657499874e+17 0.016299254499687797 11.540320081514487 0.6646193016332607 1.3092574574059594 
0.00170644 0.00011816 0.00033998 0.00000000 0.00000000 0.00000000 0.00000000 555.2759605004995 7.65966657499874e+17 0.016299254499687797 9.682684866752918 0.6646193016332607 1.3092574574059594 
0.00017813 0.00009211 0.00066308 0.00000000 0.00000000 0.00000000 0.00000000 555.2759605004995 7.65966657499874e+17 0.016299254499687797 9.086255462209325 0.6646193016332607 1.3092574574059594 
#NAME: tdsCastem 
#COLUMN_NAMES: Def_C | Def_S | Def_W | F_0 | F_C | F_S | F_W | T_in | fast_flux | MSI | grid_clamping | C_growth | C_creep 
#COLUMN_TYPES:  D | D | D | D | D | D | D | D | D | D | D | D | D |

#NAME: tdsCastem 
#COLUMN_NAMES: Def_C | Def_S | Def_W | F_0 | F_C | F_S | F_W | T_in | fast_flux | MSI | grid_clamping | C_growth | C_creep 
#COLUMN_TYPES:  D | D | D | D | D | D | D | D | D | D | D | D | D |

#NAME: tdsCastem 
#COLUMN_NAMES: Def_C | Def_S | Def_W | F_0 | F_C | F_S | F_W | T_in | fast_flux | MSI | grid_clamping | C_growth | C_creep 
#COLUMN_TYPES:  D | D | D | D | D | D | D | D | D | D | D | D | D |

#NAME: tdsCastem 
#COLUMN_NAMES: Def_C | Def_S | Def_W | F_0 | F_C | F_S | F_W | T_in | fast_flux | MSI | grid_clamping | C_growth | C_creep 
#COLUMN_TYPES:  D | D | D | D | D | D | D | D | D | D | D | D | D |

#NAME: tdsCastem 
#COLUMN_NAMES: Def_C | Def_S | Def_W | F_0 | F_C | F_S | F_W | T_in | fast_flux | MSI | grid_clamping | C_growth | C_creep 
#COLUMN_TYPES:  D | D | D | D | D | D | D | D | D | D | D | D | D |

#NAME: tdsCastem 
#COLUMN_NAMES: Def_C | Def_S | Def_W | F_0 | F_C | F_S | F_W | T_in | fast_flux | MSI | grid_clamping | C_growth | C_creep 
#COLUMN_TYPES:  D | D | D | D | D | D | D | D | D | D | D | D | D |

-0.00392901 0.00111297 0.00093576 0.00000000 0.00000000 0.00000000 0.00000000 553.3227980442999 7.936303153315375e+17 0.019097582803602707 9.963251940762822 0.6376025648186492 0.9829971627447542 
-0.00089632 0.00142930 -0.00029169 0.00000000 0.00000000 0.00000000 0.00000000 553.3227980442999 7.936303153315375e+17 0.019097582803602707 10.193660501647 0.6376025648186492 0.9829971627447542 
0.00062752 -0.00094813 0.00027576 0.00000000 0.00000000 0.00000000 0.00000000 553.3227980442999 7.936303153315375e+17 0.019097582803602707 7.719852088328123 0.6376025648186492 0.9829971627447542 
-0.00016917 -0.00018352 0.00004432 0.00000000 0.00000000 0.00000000 0.00000000 553.3227980442999 7.936303153315375e+17 0.019097582803602707 37.28748781017325 0.6376025648186492 0.9829971627447542 
-0.00018957 -0.00000755 -0.00002928 0.00000000 0.00000000 0.00000000 0.00000000 553.3227980442999 7.936303153315375e+17 0.019097582803602707 37.377467882383755 0.6376025648186492 0.9829971627447542 
-0.00173128 -0.00161056 -0.00066765 0.00000000 0.00000000 0.00000000 0.00000000 553.3227980442999 7.936303153315375e+17 0.019097582803602707 7.263517417977425 0.6376025648186492 0.9829971627447542 
0.00592537 0.00071331 0.00137747 0.00000000 0.00000000 0.00000000 0.00000000 553.3227980442999 7.936303153315375e+17 0.019097582803602707 6.249767006412138 0.6376025648186492 0.9829971627447542 
0.00279032 0.00011211 0.00004724 0.00000000 0.00000000 0.00000000 0.00000000 553.3227980442999 7.936303153315375e+17 0.019097582803602707 4.8238026381140475 0.6376025648186492 0.9829971627447542 
-0.00228927 0.00112094 0.00062322 0.00000000 0.00000000 0.00000000 0.00000000 553.3227980442999 7.936303153315375e+17 0.019097582803602707 3.2564200966916874 0.6376025648186492 0.9829971627447542 
0.00409176 0.00043436 -0.00060493 0.00000000 0.00000000 0.00000000 0.00000000 553.3227980442999 7.936303153315375e+17 0.019097582803602707 7.004052910196018 0.6376025648186492 0.9829971627447542 
0.00006706 0.00015516 -0.00005028 0.00000000 0.00000000 0.00000000 0.00000000 553.3227980442999 7.936303153315375e+17 0.019097582803602707 5.566212051231517 0.6376025648186492 0.9829971627447542 
0.00013701 0.00016634 0.00000031 0.00000000 0.00000000 0.00000000 0.00000000 553.3227980442999 7.936303153315375e+17 0.019097582803602707 36.562643505803315 0.6376025648186492 0.9829971627447542 
0.00088526 0.00002780 0.00061466 0.00000000 0.00000000 0.00000000 0.00000000 553.3227980442999 7.936303153315375e+17 0.019097582803602707 37.742794531190434 0.6376025648186492 0.9829971627447542 
-0.00498651 0.00110932 -0.00022757 0.00000000 0.00000000 0.00000000 0.00000000 553.3227980442999 7.936303153315375e+17 0.019097582803602707 11.650030260089599 0.6376025648186492 0.9829971627447542 
0.00178179 -0.00108586 0.00014872 0.00000000 0.00000000 0.00000000 0.00000000 553.3227980442999 7.936303153315375e+17 0.019097582803602707 10.289067384447945 0.6376025648186492 0.9829971627447542 
#NAME: tdsCastem 
#COLUMN_NAMES: Def_C | Def_S | Def_W | F_0 | F_C | F_S | F_W | T_in | fast_flux | MSI | grid_clamping | C_growth | C_creep 
#COLUMN_TYPES:  D | D | D | D | D | D | D | D | D | D | D | D | D |

-0.00364654 0.00062271 0.00039537 0.00000000 0.00000000 0.00000000 0.00000000 556.5521408884362 7.944358922876824e+17 0.019316699511433874 11.35303207301863 0.9863034203475141 1.0496663240588546 
-0.00115751 -0.00026933 -0.00042172 0.00000000 0.00000000 0.00000000 0.00000000 556.5521408884362 7.944358922876824e+17 0.019316699511433874 10.540950008401186 0.9863034203475141 1.0496663240588546 
-0.00210318 -0.00029628 -0.00062025 0.00000000 0.00000000 0.00000000 0.00000000 556.5521408884362 7.944358922876824e+17 0.019316699511433874 10.571656942477379 0.9863034203475141 1.0496663240588546 
-0.00001401 -0.00000260 -0.00001683 0.00000000 0.00000000 0.00000000 0.00000000 556.5521408884362 7.944358922876824e+17 0.019316699511433874 37.872087294330576 0.9863034203475141 1.0496663240588546 
0.00002827 -0.00025282 0.00001407 0.00000000 0.00000000 0.00000000 0.00000000 556.5521408884362 7.944358922876824e+17 0.019316699511433874 37.503580174816314 0.9863034203475141 1.0496663240588546 
-0.00317071 0.00113808 -0.00034886 0.00000000 0.00000000 0.00000000 0.00000000 556.5521408884362 7.944358922876824e+17 0.019316699511433874 4.879493110378496 0.9863034203475141 1.0496663240588546 
-0.00910850 -0.00028783 -0.00139096 0.00000000 0.00000000 0.00000000 0.00000000 556.5521408884362 7.944358922876824e+17 0.019316699511433874 3.8150514661382653 0.9863034203475141 1.0496663240588546 
-0.00086669 -0.00100898 0.00050491 0.00000000 0.00000000 0.00000000 0.00000000 556.5521408884362 7.944358922876824e+17 0.019316699511433874 5.948596359511243 0.9863034203475141 1.0496663240588546 
0.00463325 0.00567691 -0.00056706 0.00000000 0.00000000 0.00000000 0.00000000 556.5521408884362 7.944358922876824e+17 0.019316699511433874 5.129374905371106 0.9863034203475141 1.0496663240588546 
-0.00666378 0.00038973 0.00005658 0.00000000 0.00000000 0.00000000 0.00000000 556.5521408884362 7.944358922876824e+17 0.019316699511433874 6.315471110057003 0.9863034203475141 1.0496663240588546 
0.00015453 -0.00010433 0.00006083 0.00000000 0.00000000 0.00000000 0.00000000 556.5521408884362 7.944358922876824e+17 0.019316699511433874 6.660471180924148 0.9863034203475141 1.0496663240588546 
-0.00021979 0.00006022 -0.00002468 0.00000000 0.00000000 0.00000000 0.00000000 556.5521408884362 7.944358922876824e+17 0.019316699511433874 36.795561780620346 0.9863034203475141 1.0496663240588546 
-0.00373348 0.00151544 0.00014899 0.00000000 0.00000000 0.00000000 0.00000000 556.5521408884362 7.944358922876824e+17 0.019316699511433874 35.90806779579616 0.9863034203475141 1.0496663240588546 
0.00030546 0.00010637 -0.00046184 0.00000000 0.00000000 0.00000000 0.00000000 556.5521408884362 7.944358922876824e+17 0.019316699511433874 11.079076337293587 0.9863034203475141 1.0496663240588546 
-0.00268947 -0.00120668 -0.00027612 0.00000000 0.00000000 0.00000000 0.00000000 556.5521408884362 7.944358922876824e+17 0.019316699511433874 8.278538718062352 0.9863034203475141 1.0496663240588546 
#NAME: tdsCastem 
#COLUMN_NAMES: Def_C | Def_S | Def_W | F_0 | F_C | F_S | F_W | T_in | fast_flux | MSI | grid_clamping | C_growth | C_creep 
#COLUMN_TYPES:  D | D | D | D | D | D | D | D | D | D | D | D | D |

-0.00001649 0.00006164 -0.00000171 0.00000000 0.00000000 0.00000000 0.00000000 555.6795603224407 7.767044518490927e+17 0.011065254331605162 10.772706062042749 0.45500701756772455 0.06825575439502019 
-0.00044316 -0.00004126 -0.00002781 0.00000000 0.00000000 0.00000000 0.00000000 555.6795603224407 7.767044518490927e+17 0.011065254331605162 10.706857664446474 0.45500701756772455 0.06825575439502019 
0.00003521 -0.00005051 0.00004435 0.00000000 0.00000000 0.00000000 0.00000000 555.6795603224407 7.767044518490927e+17 0.011065254331605162 10.287698449626323 0.45500701756772455 0.06825575439502019 
-0.00047955 -0.00003793 0.00004895 0.00000000 0.00000000 0.00000000 0.00000000 555.6795603224407 7.767044518490927e+17 0.011065254331605162 37.068683799876695 0.45500701756772455 0.06825575439502019 
-0.00023970 0.00016929 -0.00000220 0.00000000 0.00000000 0.00000000 0.00000000 555.6795603224407 7.767044518490927e+17 0.011065254331605162 37.641008621522126 0.45500701756772455 0.06825575439502019 
0.00022449 -0.00005372 0.00003839 0.00000000 0.00000000 0.00000000 0.00000000 555.6795603224407 7.767044518490927e+17 0.011065254331605162 3.8588765431027294 0.45500701756772455 0.06825575439502019 
-0.00002128 0.00021785 0.00018760 0.00000000 0.00000000 0.00000000 0.00000000 555.6795603224407 7.767044518490927e+17 0.011065254331605162 4.535408469845906 0.45500701756772455 0.06825575439502019 
-0.00035413 -0.00033319 0.00001249 0.00000000 0.00000000 0.00000000 0.00000000 555.6795603224407 7.767044518490927e+17 0.011065254331605162 5.198987687588994 0.45500701756772455 0.06825575439502019 
-0.00042947 -0.00010201 0.00008417 0.00000000 0.00000000 0.00000000 0.00000000 555.6795603224407 7.767044518490927e+17 0.011065254331605162 3.6431566455144972 0.45500701756772455 0.06825575439502019 
0.00097736 0.00020845 0.00006591 0.00000000 0.00000000 0.00000000 0.00000000 555.6795603224407 7.767044518490927e+17 0.011065254331605162 3.2222929492213424 0.45500701756772455 0.06825575439502019 
0.00006309 -0.00005316 0.00005288 0.00000000 0.00000000 0.00000000 0.00000000 555.6795603224407 7.767044518490927e+17 0.011065254331605162 5.4402436198758375 0.45500701756772455 0.06825575439502019 
-0.00002882 -0.00012827 0.00002546 0.00000000 0.00000000 0.00000000 0.00000000 555.6795603224407 7.767044518490927e+17 0.011065254331605162 37.59556378311844 0.45500701756772455 0.06825575439502019 
-0.00008844 0.00000468 0.00002298 0.00000000 0.00000000 0.00000000 0.00000000 555.6795603224407 7.767044518490927e+17 0.011065254331605162 37.16369662949197 0.45500701756772455 0.06825575439502019 
0.00009238 0.00029111 0.00001550 0.00000000 0.00000000 0.00000000 0.00000000 555.6795603224407 7.767044518490927e+17 0.011065254331605162 9.672249036331166 0.45500701756772455 0.06825575439502019 
0.00018275 -0.00009512 0.00002065 0.00000000 0.00000000 0.00000000 0.00000000 555.6795603224407 7.767044518490927e+17 0.011065254331605162 11.902502783532965 0.45500701756772455 0.06825575439502019 
#NAME: tdsCastem 
#COLUMN_NAMES: Def_C | Def_S | Def_W | F_0 | F_C | F_S | F_W | T_in | fast_flux | MSI | grid_clamping | C_growth | C_creep 
#COLUMN_TYPES:  D | D | D | D | D | D | D | D | D | D | D | D | D |

0.00004985 0.00013002 -0.00007363 0.00000000 0.00000000 0.00000000 0.00000000 553.4282368078668 8.313162105983455e+17 0.01897330844086307 10.49641096444086 0.9283639023238275 1.4143016299011855 
0.00004312 0.00004833 0.00001179 0.00000000 0.00000000 0.00000000 0.00000000 553.4282368078668 8.313162105983455e+17 0.01897330844086307 9.877605596006504 0.9283639023238275 1.4143016299011855 
-0.00017807 0.00019298 0.00001362 0.00000000 0.00000000 0.00000000 0.00000000 553.4282368078668 8.313162105983455e+17 0.01897330844086307 11.315583326380082 0.9283639023238275 1.4143016299011855 
0.00004819 -0.00026438 0.00006159 0.00000000 0.00000000 0.00000000 0.00000000 553.4282368078668 8.313162105983455e+17 0.01897330844086307 37.24522553041795 0.9283639023238275 1.4143016299011855 
0.00033540 -0.00022196 0.00001726 0.00000000 0.00000000 0.00000000 0.00000000 553.4282368078668 8.313162105983455e+17 0.01897330844086307 37.44207207078779 0.9283639023238275 1.4143016299011855 
-0.00094041 0.00082320 0.00014577 0.00000000 0.00000000 0.00000000 0.00000000 553.4282368078668 8.313162105983455e+17 0.01897330844086307 5.533457589490507 0.9283639023238275 1.4143016299011855 
0.00033971 -0.00001952 0.00000740 0.00000000 0.00000000 0.00000000 0.00000000 553.4282368078668 8.313162105983455e+17 0.01897330844086307 5.613334652227178 0.9283639023238275 1.4143016299011855 
-0.00050927 0.00024177 0.00001485 0.00000000 0.00000000 0.00000000 0.00000000 553.4282368078668 8.313162105983455e+17 0.01897330844086307 6.390157448421096 0.9283639023238275 1.4143016299011855 
-0.00072597 0.00028760 -0.00012438 0.00000000 0.00000000 0.00000000 0.00000000 553.4282368078668 8.313162105983455e+17 0.01897330844086307 3.9677847534731088 0.9283639023238275 1.4143016299011855 
-0.00064008 0.00029927 -0.00007202 0.00000000 0.00000000 0.00000000 0.00000000 553.4282368078668 8.313162105983455e+17 0.01897330844086307 5.942117706373273 0.9283639023238275 1.4143016299011855 
0.00023848 0.00007915 -0.00007586 0.00000000 0.00000000 0.00000000 0.00000000 553.4282368078668 8.313162105983455e+17 0.01897330844086307 4.273982317305144 0.9283639023238275 1.4143016299011855 
-0.00013637 0.00015833 -0.00002485 0.00000000 0.00000000 0.00000000 0.00000000 553.4282368078668 8.313162105983455e+17 0.01897330844086307 37.452601277041 0.9283639023238275 1.4143016299011855 
0.00028566 -0.00024359 0.00002206 0.00000000 0.00000000 0.00000000 0.00000000 553.4282368078668 8.313162105983455e+17 0.01897330844086307 37.44044666300292 0.9283639023238275 1.4143016299011855 
-0.00001525 0.00048671 0.00004158 0.00000000 0.00000000 0.00000000 0.00000000 553.4282368078668 8.313162105983455e+17 0.01897330844086307 9.56205738756922 0.9283639023238275 1.4143016299011855 
0.00024098 0.00015534 -0.00001959 0.00000000 0.00000000 0.00000000 0.00000000 553.4282368078668 8.313162105983455e+17 0.01897330844086307 7.653535974512628 0.9283639023238275 1.4143016299011855 
#NAME: tdsCastem 
#COLUMN_NAMES: Def_C | Def_S | Def_W | F_0 | F_C | F_S | F_W | T_in | fast_flux | MSI | grid_clamping | C_growth | C_creep 
#COLUMN_TYPES:  D | D | D | D | D | D | D | D | D | D | D | D | D |

-0.00032199 -0.00333539 -0.00041726 0.00000000 0.00000000 0.00000000 0.00000000 552.5726862826026 7.82197766243452e+17 0.02111365816971837 10.194413004834628 0.7822543950069027 0.9347523335556523 
0.00017814 0.00062575 0.00001774 0.00000000 0.00000000 0.00000000 0.00000000 552.5726862826026 7.82197766243452e+17 0.02111365816971837 10.174242257096514 0.7822543950069027 0.9347523335556523 
-0.00386527 -0.00069575 0.00027667 0.00000000 0.00000000 0.00000000 0.00000000 552.5726862826026 7.82197766243452e+17 0.02111365816971837 9.588442002854226 0.7822543950069027 0.9347523335556523 
0.00013305 -0.00005452 0.00001347 0.00000000 0.00000000 0.00000000 0.00000000 552.5726862826026 7.82197766243452e+17 0.02111365816971837 37.08361588677564 0.7822543950069027 0.9347523335556523 
-0.00003122 0.00007277 0.00009226 0.00000000 0.00000000 0.00000000 0.00000000 552.5726862826026 7.82197766243452e+17 0.02111365816971837 37.55799918451846 0.7822543950069027 0.9347523335556523 
0.00643561 -0.00062459 -0.00112571 0.00000000 0.00000000 0.00000000 0.00000000 552.5726862826026 7.82197766243452e+17 0.02111365816971837 3.553310108291041 0.7822543950069027 0.9347523335556523 
0.00367211 -0.00472308 0.00002335 0.00000000 0.00000000 0.00000000 0.00000000 552.5726862826026 7.82197766243452e+17 0.02111365816971837 5.317654168256691 0.7822543950069027 0.9347523335556523 
-0.00314211 0.00402030 0.00107148 0.00000000 0.00000000 0.00000000 0.00000000 552.5726862826026 7.82197766243452e+17 0.02111365816971837 5.022746229887634 0.7822543950069027 0.9347523335556523 
0.00031106 0.00140462 0.00157869 0.00000000 0.00000000 0.00000000 0.00000000 552.5726862826026 7.82197766243452e+17 0.02111365816971837 4.495619867928397 0.7822543950069027 0.9347523335556523 
0.01091576 0.00120821 -0.00018487 0.00000000 0.00000000 0.00000000 0.00000000 552.5726862826026 7.82197766243452e+17 0.02111365816971837 5.474103278272998 0.7822543950069027 0.9347523335556523 
-0.00025274 -0.00003322 0.00000477 0.00000000 0.00000000 0.00000000 0.00000000 552.5726862826026 7.82197766243452e+17 0.02111365816971837 6.562312068465135 0.7822543950069027 0.9347523335556523 
-0.00018048 -0.00010107 0.00005259 0.00000000 0.00000000 0.00000000 0.00000000 552.5726862826026 7.82197766243452e+17 0.02111365816971837 36.787770345028036 0.7822543950069027 0.9347523335556523 
0.00272777 -0.00093442 -0.00012718 0.00000000 0.00000000 0.00000000 0.00000000 552.5726862826026 7.82197766243452e+17 0.02111365816971837 36.059260865400795 0.7822543950069027 0.9347523335556523 
0.00071209 -0.00072839 0.00057890 0.00000000 0.00000000 0.00000000 0.00000000 552.5726862826026 7.82197766243452e+17 0.02111365816971837 9.921972807240966 0.7822543950069027 0.9347523335556523 
0.00338508 -0.00043728 0.00009601 0.00000000 0.00000000 0.00000000 0.00000000 552.5726862826026 7.82197766243452e+17 0.02111365816971837 9.535382456201528 0.7822543950069027 0.9347523335556523 
#NAME: tdsCastem 
#COLUMN_NAMES: Def_C | Def_S | Def_W | F_0 | F_C | F_S | F_W | T_in | fast_flux | MSI | grid_clamping | C_growth | C_creep 
#COLUMN_TYPES:  D | D | D | D | D | D | D | D | D | D | D | D | D |

0.00192541 0.00076915 0.00018575 0.00000000 0.00000000 0.00000000 0.00000000 547.4661292599725 8.066331829870826e+17 0.015412892387617193 10.026885656360518 1.1354499643521436 0.9712908608230361 
-0.00045742 0.00019896 -0.00076910 0.00000000 0.00000000 0.00000000 0.00000000 547.4661292599725 8.066331829870826e+17 0.015412892387617193 11.550870597472912 1.1354499643521436 0.9712908608230361 
0.00197639 -0.00057971 0.00014647 0.00000000 0.00000000 0.00000000 0.00000000 547.4661292599725 8.066331829870826e+17 0.015412892387617193 10.223613021731916 1.1354499643521436 0.9712908608230361 
0.00016908 0.00000358 -0.00006655 0.00000000 0.00000000 0.00000000 0.00000000 547.4661292599725 8.066331829870826e+17 0.015412892387617193 36.466010555557155 1.1354499643521436 0.9712908608230361 
0.00018760 0.00000766 0.00001069 0.00000000 0.00000000 0.00000000 0.00000000 547.4661292599725 8.066331829870826e+17 0.015412892387617193 37.27964513811564 1.1354499643521436 0.9712908608230361 
0.00286216 0.00118220 -0.00006380 0.00000000 0.00000000 0.00000000 0.00000000 547.4661292599725 8.066331829870826e+17 0.015412892387617193 5.280977056702286 1.1354499643521436 0.9712908608230361 
-0.00281219 -0.00381828 0.00060593 0.00000000 0.00000000 0.00000000 0.00000000 547.4661292599725 8.066331829870826e+17 0.015412892387617193 4.8607859763558094 1.1354499643521436 0.9712908608230361 
-0.00579109 -0.00538332 -0.00028360 0.00000000 0.00000000 0.00000000 0.00000000 547.4661292599725 8.066331829870826e+17 0.015412892387617193 4.773908641693081 1.1354499643521436 0.9712908608230361 
-0.00399607 0.00210734 -0.00010106 0.00000000 0.00000000 0.00000000 0.00000000 547.4661292599725 8.066331829870826e+17 0.015412892387617193 5.669784808862026 1.1354499643521436 0.9712908608230361 
-0.00144860 0.00393231 0.00040962 0.00000000 0.00000000 0.00000000 0.00000000 547.4661292599725 8.066331829870826e+17 0.015412892387617193 4.608245095059943 1.1354499643521436 0.9712908608230361 
0.00001016 0.00021270 -0.00000505 0.00000000 0.00000000 0.00000000 0.00000000 547.4661292599725 8.066331829870826e+17 0.015412892387617193 3.6184929171319498 1.1354499643521436 0.9712908608230361 
0.00003050 0.00001448 0.00016374 0.00000000 0.00000000 0.00000000 0.00000000 547.4661292599725 8.066331829870826e+17 0.015412892387617193 37.31115470676941 1.1354499643521436 0.9712908608230361 
0.00065425 0.00229090 -0.00040607 0.00000000 0.00000000 0.00000000 0.00000000 547.4661292599725 8.066331829870826e+17 0.015412892387617193 36.62894995622492 1.1354499643521436 0.9712908608230361 
0.00324419 -0.00027951 0.00017555 0.00000000 0.00000000 0.00000000 0.00000000 547.4661292599725 8.066331829870826e+17 0.015412892387617193 10.50617476677165 1.1354499643521436 0.9712908608230361 
0.00060729 0.00009632 -0.00052451 0.00000000 0.00000000 0.00000000 0.00000000 547.4661292599725 8.066331829870826e+17 0.015412892387617193 9.953398713556332 1.1354499643521436 0.9712908608230361 
#NAME: tdsCastem 
#COLUMN_NAMES: Def_C | Def_S | Def_W | F_0 | F_C | F_S | F_W | T_in | fast_flux | MSI | grid_clamping | C_growth | C_creep 
#COLUMN_TYPES:  D | D | D | D | D | D | D | D | D | D | D | D | D |

-0.00080577 -0.00028985 0.00071393 0.00000000 0.00000000 0.00000000 0.00000000 556.922325518867 8.200288531779818e+17 0.01153946579543613 9.67803564606778 0.9435879657436956 0.9587032848802911 
0.00230241 -0.00006130 -0.00010274 0.00000000 0.00000000 0.00000000 0.00000000 556.922325518867 8.200288531779818e+17 0.01153946579543613 9.52560816783129 0.9435879657436956 0.9587032848802911 
0.00412774 -0.00022451 -0.00027075 0.00000000 0.00000000 0.00000000 0.00000000 556.922325518867 8.200288531779818e+17 0.01153946579543613 10.608144475332352 0.9435879657436956 0.9587032848802911 
-0.00000185 -0.00006596 0.00006576 0.00000000 0.00000000 0.00000000 0.00000000 556.922325518867 8.200288531779818e+17 0.01153946579543613 37.25927736332961 0.9435879657436956 0.9587032848802911 
0.00008424 0.00007277 -0.00002933 0.00000000 0.00000000 0.00000000 0.00000000 556.922325518867 8.200288531779818e+17 0.01153946579543613 37.99076742634561 0.9435879657436956 0.9587032848802911 
-0.00227047 -0.00254990 0.00065046 0.00000000 0.00000000 0.00000000 0.00000000 556.922325518867 8.200288531779818e+17 0.01153946579543613 4.713433166526704 0.9435879657436956 0.9587032848802911 
0.01090207 0.00104007 0.00028102 0.00000000 0.00000000 0.00000000 0.00000000 556.922325518867 8.200288531779818e+17 0.01153946579543613 5.324977956983556 0.9435879657436956 0.9587032848802911 
-0.00312330 -0.00234846 0.00061308 0.00000000 0.00000000 0.00000000 0.00000000 556.922325518867 8.200288531779818e+17 0.01153946579543613 2.7244028104456146 0.9435879657436956 0.9587032848802911 
-0.00346643 -0.00013062 0.00033172 0.00000000 0.00000000 0.00000000 0.00000000 556.922325518867 8.200288531779818e+17 0.01153946579543613 5.9019926000863245 0.9435879657436956 0.9587032848802911 
-0.00427878 0.00049689 0.00234208 0.00000000 0.00000000 0.00000000 0.00000000 556.922325518867 8.200288531779818e+17 0.01153946579543613 5.774251912540556 0.9435879657436956 0.9587032848802911 
0.00013893 -0.00001073 0.00004810 0.00000000 0.00000000 0.00000000 0.00000000 556.922325518867 8.200288531779818e+17 0.01153946579543613 4.554079564366264 0.9435879657436956 0.9587032848802911 
0.00007672 -0.00010613 -0.00004240 0.00000000 0.00000000 0.00000000 0.00000000 556.922325518867 8.200288531779818e+17 0.01153946579543613 38.60561335336523 0.9435879657436956 0.9587032848802911 
-0.00103117 0.00017178 -0.00040179 0.00000000 0.00000000 0.00000000 0.00000000 556.922325518867 8.200288531779818e+17 0.01153946579543613 36.130985422944654 0.9435879657436956 0.9587032848802911 
-0.00005550 -0.00130220 -0.00078510 0.00000000 0.00000000 0.00000000 0.00000000 556.922325518867 8.200288531779818e+17 0.01153946579543613 11.021656947239459 0.9435879657436956 0.9587032848802911 
0.00226335 -0.00150490 -0.00049586 0.00000000 0.00000000 0.00000000 0.00000000 556.922325518867 8.200288531779818e+17 0.01153946579543613 9.285629126286286 0.9435879657436956 0.9587032848802911 
#NAME: tdsCastem 
#COLUMN_NAMES: Def_C | Def_S | Def_W | F_0 | F_C | F_S | F_W | T_in | fast_flux | MSI | grid_clamping | C_growth | C_creep 
#COLUMN_TYPES:  D | D | D | D | D | D | D | D | D | D | D | D | D |

-0.00258634 0.00054564 0.00078653 0.00000000 0.00000000 0.00000000 0.00000000 549.4675890621005 8.085065456929897e+17 0.01088467977050517 10.645352856230286 1.22230349370327 1.1390483853463809 
-0.00342470 -0.00095581 -0.00022013 0.00000000 0.00000000 0.00000000 0.00000000 549.4675890621005 8.085065456929897e+17 0.01088467977050517 12.273093982880988 1.22230349370327 1.1390483853463809 
0.00105822 0.00010252 -0.00134292 0.00000000 0.00000000 0.00000000 0.00000000 549.4675890621005 8.085065456929897e+17 0.01088467977050517 9.728620859697152 1.22230349370327 1.1390483853463809 
0.00018085 0.00012472 0.00004318 0.00000000 0.00000000 0.00000000 0.00000000 549.4675890621005 8.085065456929897e+17 0.01088467977050517 36.85092986277384 1.22230349370327 1.1390483853463809 
0.00012438 -0.00013379 0.00001097 0.00000000 0.00000000 0.00000000 0.00000000 549.4675890621005 8.085065456929897e+17 0.01088467977050517 36.98896107642555 1.22230349370327 1.1390483853463809 
0.00369282 -0.00347451 -0.00006800 0.00000000 0.00000000 0.00000000 0.00000000 549.4675890621005 8.085065456929897e+17 0.01088467977050517 4.801311863362673 1.22230349370327 1.1390483853463809 
-0.00636365 0.00506850 -0.00047309 0.00000000 0.00000000 0.00000000 0.00000000 549.4675890621005 8.085065456929897e+17 0.01088467977050517 2.845548432593803 1.22230349370327 1.1390483853463809 
0.00487713 -0.00103233 -0.00136953 0.00000000 0.00000000 0.00000000 0.00000000 549.4675890621005 8.085065456929897e+17 0.01088467977050517 5.029839466851134 1.22230349370327 1.1390483853463809 
0.00174817 0.00627388 0.00030446 0.00000000 0.00000000 0.00000000 0.00000000 549.4675890621005 8.085065456929897e+17 0.01088467977050517 4.6439885447271845 1.22230349370327 1.1390483853463809 
0.00708534 -0.00014283 0.00013890 0.00000000 0.00000000 0.00000000 0.00000000 549.4675890621005 8.085065456929897e+17 0.01088467977050517 3.959627480129097 1.22230349370327 1.1390483853463809 
-0.00018523 0.00000645 -0.00000156 0.00000000 0.00000000 0.00000000 0.00000000 549.4675890621005 8.085065456929897e+17 0.01088467977050517 4.0868056929923995 1.22230349370327 1.1390483853463809 
0.00006485 0.00009687 0.00005053 0.00000000 0.00000000 0.00000000 0.00000000 549.4675890621005 8.085065456929897e+17 0.01088467977050517 36.647669212057956 1.22230349370327 1.1390483853463809 
0.00591288 -0.00034226 0.00059508 0.00000000 0.00000000 0.00000000 0.00000000 549.4675890621005 8.085065456929897e+17 0.01088467977050517 36.61082734587726 1.22230349370327 1.1390483853463809 
-0.00113381 0.00089347 -0.00012768 0.00000000 0.00000000 0.00000000 0.00000000 549.4675890621005 8.085065456929897e+17 0.01088467977050517 11.11374615000412 1.22230349370327 1.1390483853463809 
-0.00450174 0.00062547 -0.00101764 0.00000000 0.00000000 0.00000000 0.00000000 549.4675890621005 8.085065456929897e+17 0.01088467977050517 9.89841282277591 1.22230349370327 1.1390483853463809 
#NAME: tdsCastem 
#COLUMN_NAMES: Def_C | Def_S | Def_W | F_0 | F_C | F_S | F_W | T_in | fast_flux | MSI | grid_clamping | C_growth | C_creep 
#COLUMN_TYPES:  D | D | D | D | D | D | D | D | D | D | D | D | D |

-0.00284746 0.00045752 0.00007002 0.00000000 0.00000000 0.00000000 0.00000000 554.6156180870357 7.853345803044525e+17 0.016122980195330754 10.352768690087824 0.2973682076934313 1.0424545075036764 
-0.00244097 -0.00001839 0.00009251 0.00000000 0.00000000 0.00000000 0.00000000 554.6156180870357 7.853345803044525e+17 0.016122980195330754 11.209632344771848 0.2973682076934313 1.0424545075036764 
0.00104794 -0.00011131 -0.00006631 0.00000000 0.00000000 0.00000000 0.00000000 554.6156180870357 7.853345803044525e+17 0.016122980195330754 11.373830922991573 0.2973682076934313 1.0424545075036764 
0.00199673 -0.00029370 -0.00033149 0.00000000 0.00000000 0.00000000 0.00000000 554.6156180870357 7.853345803044525e+17 0.016122980195330754 37.30555115131451 0.2973682076934313 1.0424545075036764 
-0.00194600 -0.00043800 -0.00017895 0.00000000 0.00000000 0.00000000 0.00000000 554.6156180870357 7.853345803044525e+17 0.016122980195330754 37.56525466951539 0.2973682076934313 1.0424545075036764 
0.00167628 -0.00158719 -0.00048420 0.00000000 0.00000000 0.00000000 0.00000000 554.6156180870357 7.853345803044525e+17 0.016122980195330754 5.51338174033882 0.2973682076934313 1.0424545075036764 
0.00390186 0.00184430 -0.00097141 0.00000000 0.00000000 0.00000000 0.00000000 554.6156180870357 7.853345803044525e+17 0.016122980195330754 6.177244291597359 0.2973682076934313 1.0424545075036764 
-0.00476663 0.00201977 0.00128817 0.00000000 0.00000000 0.00000000 0.00000000 554.6156180870357 7.853345803044525e+17 0.016122980195330754 4.811812285085052 0.2973682076934313 1.0424545075036764 
-0.00228153 -0.00109864 0.00063869 0.00000000 0.00000000 0.00000000 0.00000000 554.6156180870357 7.853345803044525e+17 0.016122980195330754 6.200500587501224 0.2973682076934313 1.0424545075036764 
0.00553518 0.00295913 0.00163504 0.00000000 0.00000000 0.00000000 0.00000000 554.6156180870357 7.853345803044525e+17 0.016122980195330754 5.481892081702879 0.2973682076934313 1.0424545075036764 
0.00186574 0.00032636 0.00000147 0.00000000 0.00000000 0.00000000 0.00000000 554.6156180870357 7.853345803044525e+17 0.016122980195330754 5.217838283047005 0.2973682076934313 1.0424545075036764 
-0.00058482 0.00125289 -0.00100810 0.00000000 0.00000000 0.00000000 0.00000000 554.6156180870357 7.853345803044525e+17 0.016122980195330754 37.29606428676616 0.2973682076934313 1.0424545075036764 
0.00027990 -0.00096634 -0.00058336 0.00000000 0.00000000 0.00000000 0.00000000 554.6156180870357 7.853345803044525e+17 0.016122980195330754 37.066768310318146 0.2973682076934313 1.0424545075036764 
-0.00245854 0.00119825 -0.00036330 0.00000000 0.00000000 0.00000000 0.00000000 554.6156180870357 7.853345803044525e+17 0.016122980195330754 9.99852154361513 0.2973682076934313 1.0424545075036764 
0.00052872 0.00128425 -0.00028157 0.00000000 0.00000000 0.00000000 0.00000000 554.6156180870357 7.853345803044525e+17 0.016122980195330754 10.057638992905598 0.2973682076934313 1.0424545075036764 
#NAME: tdsCastem 
#COLUMN_NAMES: Def_C | Def_S | Def_W | F_0 | F_C | F_S | F_W | T_in | fast_flux | MSI | grid_clamping | C_growth | C_creep 
#COLUMN_TYPES:  D | D | D | D | D | D | D | D | D | D | D | D | D |

0.00394705 0.00048550 0.00020018 0.00000000 0.00000000 0.00000000 0.00000000 550.0398885513931 8.294631180822397e+17 0.010395184840811308 10.945785231020489 1.060328193318445 1.1931863932605937 
0.00206466 0.00025647 -0.00000128 0.00000000 0.00000000 0.00000000 0.00000000 550.0398885513931 8.294631180822397e+17 0.010395184840811308 11.37793970708734 1.060328193318445 1.1931863932605937 
0.00070557 0.00033549 0.00002160 0.00000000 0.00000000 0.00000000 0.00000000 550.0398885513931 8.294631180822397e+17 0.010395184840811308 9.943977874345928 1.060328193318445 1.1931863932605937 
0.00036479 -0.00010739 0.00102176 0.00000000 0.00000000 0.00000000 0.00000000 550.0398885513931 8.294631180822397e+17 0.010395184840811308 36.3092425396465 1.060328193318445 1.1931863932605937 
0.00167891 -0.00051706 -0.00007727 0.00000000 0.00000000 0.00000000 0.00000000 550.0398885513931 8.294631180822397e+17 0.010395184840811308 37.01775720276185 1.060328193318445 1.1931863932605937 
-0.00286023 -0.00159057 0.00007669 0.00000000 0.00000000 0.00000000 0.00000000 550.0398885513931 8.294631180822397e+17 0.010395184840811308 5.093834934899266 1.060328193318445 1.1931863932605937 
-0.00025568 0.00322688 -0.00006308 0.00000000 0.00000000 0.00000000 0.00000000 550.0398885513931 8.294631180822397e+17 0.010395184840811308 4.061369216887053 1.060328193318445 1.1931863932605937 
0.00223137 0.00090852 -0.00177749 0.00000000 0.00000000 0.00000000 0.00000000 550.0398885513931 8.294631180822397e+17 0.010395184840811308 4.753588422256241 1.060328193318445 1.1931863932605937 
0.00211362 0.00419435 -0.00045625 0.00000000 0.00000000 0.00000000 0.00000000 550.0398885513931 8.294631180822397e+17 0.010395184840811308 4.350161407686602 1.060328193318445 1.1931863932605937 
0.00631958 -0.00027790 0.00164276 0.00000000 0.00000000 0.00000000 0.00000000 550.0398885513931 8.294631180822397e+17 0.010395184840811308 5.133575073655501 1.060328193318445 1.1931863932605937 
-0.00102474 0.00073275 0.00035400 0.00000000 0.00000000 0.00000000 0.00000000 550.0398885513931 8.294631180822397e+17 0.010395184840811308 4.985163933290155 1.060328193318445 1.1931863932605937 
0.00194654 0.00209190 -0.00002656 0.00000000 0.00000000 0.00000000 0.00000000 550.0398885513931 8.294631180822397e+17 0.010395184840811308 36.96379629718661 1.060328193318445 1.1931863932605937 
-0.00035843 0.00064956 -0.00056272 0.00000000 0.00000000 0.00000000 0.00000000 550.0398885513931 8.294631180822397e+17 0.010395184840811308 37.44343558075378 1.060328193318445 1.1931863932605937 
-0.00106464 0.00053444 0.00018284 0.00000000 0.00000000 0.00000000 0.00000000 550.0398885513931 8.294631180822397e+17 0.010395184840811308 10.316301862960904 1.060328193318445 1.1931863932605937 
-0.00065047 0.00023468 0.00048089 0.00000000 0.00000000 0.00000000 0.00000000 550.0398885513931 8.294631180822397e+17 0.010395184840811308 10.119693010158993 1.060328193318445 1.1931863932605937 
#NAME: tdsCastem 
#COLUMN_NAMES: Def_C | Def_S | Def_W | F_0 | F_C | F_S | F_W | T_in | fast_flux | MSI | grid_clamping | C_growth | C_creep 
#COLUMN_TYPES:  D | D | D | D | D | D | D | D | D | D | D | D | D |

0.00061551 -0.00029278 0.00064123 0.00000000 0.00000000 0.00000000 0.00000000 553.8260234447564 8.035016175177592e+17 0.024658503243613294 11.313874830994923 1.396290728789254 1.0739178310163624 
-0.00568283 -0.00053133 0.00026675 0.00000000 0.00000000 0.00000000 0.00000000 553.8260234447564 8.035016175177592e+17 0.024658503243613294 10.737272485623922 1.396290728789254 1.0739178310163624 
0.00382979 -0.00074285 -0.00062310 0.00000000 0.00000000 0.00000000 0.00000000 553.8260234447564 8.035016175177592e+17 0.024658503243613294 9.244665612006882 1.396290728789254 1.0739178310163624 
-0.00012885 0.00018592 -0.00000669 0.00000000 0.00000000 0.00000000 0.00000000 553.8260234447564 8.035016175177592e+17 0.024658503243613294 36.85817770590989 1.396290728789254 1.0739178310163624 
0.00056667 0.00213597 0.00001829 0.00000000 0.00000000 0.00000000 0.00000000 553.8260234447564 8.035016175177592e+17 0.024658503243613294 37.06996413059029 1.396290728789254 1.0739178310163624 
0.00358335 -0.00407217 -0.00120948 0.00000000 0.00000000 0.00000000 0.00000000 553.8260234447564 8.035016175177592e+17 0.024658503243613294 4.882461088719842 1.396290728789254 1.0739178310163624 
-0.00101393 0.00230513 0.00042897 0.00000000 0.00000000 0.00000000 0.00000000 553.8260234447564 8.035016175177592e+17 0.024658503243613294 6.383272682061261 1.396290728789254 1.0739178310163624 
-0.00031468 0.00274295 0.00057379 0.00000000 0.00000000 0.00000000 0.00000000 553.8260234447564 8.035016175177592e+17 0.024658503243613294 4.889219046347897 1.396290728789254 1.0739178310163624 
0.00697236 0.00131237 -0.00021809 0.00000000 0.00000000 0.00000000 0.00000000 553.8260234447564 8.035016175177592e+17 0.024658503243613294 6.237151467964361 1.396290728789254 1.0739178310163624 
0.00131059 -0.00310145 -0.00062781 0.00000000 0.00000000 0.00000000 0.00000000 553.8260234447564 8.035016175177592e+17 0.024658503243613294 5.09364714221261 1.396290728789254 1.0739178310163624 
0.00030827 -0.00054801 -0.00093995 0.00000000 0.00000000 0.00000000 0.00000000 553.8260234447564 8.035016175177592e+17 0.024658503243613294 5.625984564976 1.396290728789254 1.0739178310163624 
0.00069732 -0.00040676 0.00054540 0.00000000 0.00000000 0.00000000 0.00000000 553.8260234447564 8.035016175177592e+17 0.024658503243613294 37.148424666923795 1.396290728789254 1.0739178310163624 
0.00296279 -0.00029721 0.00079234 0.00000000 0.00000000 0.00000000 0.00000000 553.8260234447564 8.035016175177592e+17 0.024658503243613294 37.040200383680485 1.396290728789254 1.0739178310163624 
0.00253253 0.00008635 0.00082957 0.00000000 0.00000000 0.00000000 0.00000000 553.8260234447564 8.035016175177592e+17 0.024658503243613294 11.064175778273386 1.396290728789254 1.0739178310163624 
0.00081284 0.00031914 -0.00016727 0.00000000 0.00000000 0.00000000 0.00000000 553.8260234447564 8.035016175177592e+17 0.024658503243613294 8.562705733356534 1.396290728789254 1.0739178310163624 
#NAME: tdsCastem 
#COLUMN_NAMES: Def_C | Def_S | Def_W | F_0 | F_C | F_S | F_W | T_in | fast_flux | MSI | grid_clamping | C_growth | C_creep 
#COLUMN_TYPES:  D | D | D | D | D | D | D | D | D | D | D | D | D |

0.00209731 0.00066645 -0.00007870 0.00000000 0.00000000 0.00000000 0.00000000 549.0979925799229 8.078814174818204e+17 0.012963519921278399 8.500236630780558 1.2736484856086143 0.8914844027943084 
-0.00215118 0.00287902 0.00069431 0.00000000 0.00000000 0.00000000 0.00000000 549.0979925799229 8.078814174818204e+17 0.012963519921278399 8.906597368665137 1.2736484856086143 0.8914844027943084 
0.00216833 -0.00011374 -0.00045323 0.00000000 0.00000000 0.00000000 0.00000000 549.0979925799229 8.078814174818204e+17 0.012963519921278399 8.76223099976436 1.2736484856086143 0.8914844027943084 
0.00313473 -0.00087669 -0.00042340 0.00000000 0.00000000 0.00000000 0.00000000 549.0979925799229 8.078814174818204e+17 0.012963519921278399 37.42819991002807 1.2736484856086143 0.8914844027943084 
-0.00060209 -0.00078242 0.00006271 0.00000000 0.00000000 0.00000000 0.00000000 549.0979925799229 8.078814174818204e+17 0.012963519921278399 36.706560616375526 1.2736484856086143 0.8914844027943084 
-0.00252864 0.00116245 -0.00141900 0.00000000 0.00000000 0.00000000 0.00000000 549.0979925799229 8.078814174818204e+17 0.012963519921278399 5.439791642426675 1.2736484856086143 0.8914844027943084 
-0.00622360 0.00005328 0.00041765 0.00000000 0.00000000 0.00000000 0.00000000 549.0979925799229 8.078814174818204e+17 0.012963519921278399 4.371502043848763 1.2736484856086143 0.8914844027943084 
0.00137580 0.00119340 0.00066489 0.00000000 0.00000000 0.00000000 0.00000000 549.0979925799229 8.078814174818204e+17 0.012963519921278399 5.92315878213502 1.2736484856086143 0.8914844027943084 
0.00031016 0.00384890 0.00023640 0.00000000 0.00000000 0.00000000 0.00000000 549.0979925799229 8.078814174818204e+17 0.012963519921278399 5.751662463472594 1.2736484856086143 0.8914844027943084 
-0.00278799 -0.00017364 -0.00056455 0.00000000 0.00000000 0.00000000 0.00000000 549.0979925799229 8.078814174818204e+17 0.012963519921278399 3.6735370411458774 1.2736484856086143 0.8914844027943084 
-0.00145074 0.00045077 0.00036298 0.00000000 0.00000000 0.00000000 0.00000000 549.0979925799229 8.078814174818204e+17 0.012963519921278399 4.964981632707991 1.2736484856086143 0.8914844027943084 
-0.00149323 -0.00067970 -0.00013261 0.00000000 0.00000000 0.00000000 0.00000000 549.0979925799229 8.078814174818204e+17 0.012963519921278399 36.87516011829803 1.2736484856086143 0.8914844027943084 
-0.00155715 0.00147262 -0.00020467 0.00000000 0.00000000 0.00000000 0.00000000 549.0979925799229 8.078814174818204e+17 0.012963519921278399 36.537725834235594 1.2736484856086143 0.8914844027943084 
0.00009084 0.00025709 -0.00027802 0.00000000 0.00000000 0.00000000 0.00000000 549.0979925799229 8.078814174818204e+17 0.012963519921278399 9.365174096792087 1.2736484856086143 0.8914844027943084 
0.00113319 -0.00011849 0.00004487 0.00000000 0.00000000 0.00000000 0.00000000 549.0979925799229 8.078814174818204e+17 0.012963519921278399 10.753980613952342 1.2736484856086143 0.8914844027943084 
#NAME: tdsCastem 
#COLUMN_NAMES: Def_C | Def_S | Def_W | F_0 | F_C | F_S | F_W | T_in | fast_flux | MSI | grid_clamping | C_growth | C_creep 
#COLUMN_TYPES:  D | D | D | D | D | D | D | D | D | D | D | D | D |

0.00139497 -0.00084710 -0.00017107 0.00000000 0.00000000 0.00000000 0.00000000 554.8248686946466 7.922819330804013e+17 0.015268906275307343 11.303454005085745 1.1675234465904236 0.5437131725767061 
0.00189849 0.00070135 0.00086574 0.00000000 0.00000000 0.00000000 0.00000000 554.8248686946466 7.922819330804013e+17 0.015268906275307343 8.524726950556682 1.1675234465904236 0.5437131725767061 
0.00110822 0.00087986 0.00023764 0.00000000 0.00000000 0.00000000 0.00000000 554.8248686946466 7.922819330804013e+17 0.015268906275307343 11.06517326844693 1.1675234465904236 0.5437131725767061 
-0.00074664 0.00018680 0.00025317 0.00000000 0.00000000 0.00000000 0.00000000 554.8248686946466 7.922819330804013e+17 0.015268906275307343 36.68141183914204 1.1675234465904236 0.5437131725767061 
0.00014214 -0.00165986 0.00108059 0.00000000 0.00000000 0.00000000 0.00000000 554.8248686946466 7.922819330804013e+17 0.015268906275307343 37.10591219529679 1.1675234465904236 0.5437131725767061 
-0.00215330 -0.00072419 0.00036251 0.00000000 0.00000000 0.00000000 0.00000000 554.8248686946466 7.922819330804013e+17 0.015268906275307343 6.054239115501952 1.1675234465904236 0.5437131725767061 
0.00588497 -0.00281311 0.00094744 0.00000000 0.00000000 0.00000000 0.00000000 554.8248686946466 7.922819330804013e+17 0.015268906275307343 5.595098653845225 1.1675234465904236 0.5437131725767061 
0.00195748 0.00069874 -0.00000136 0.00000000 0.00000000 0.00000000 0.00000000 554.8248686946466 7.922819330804013e+17 0.015268906275307343 5.6651458956523095 1.1675234465904236 0.5437131725767061 
0.00061573 -0.00384477 0.00023295 0.00000000 0.00000000 0.00000000 0.00000000 554.8248686946466 7.922819330804013e+17 0.015268906275307343 3.6119672184489664 1.1675234465904236 0.5437131725767061 
-0.00294952 0.00477129 -0.00029422 0.00000000 0.00000000 0.00000000 0.00000000 554.8248686946466 7.922819330804013e+17 0.015268906275307343 5.161436739230869 1.1675234465904236 0.5437131725767061 
-0.00086393 -0.00115742 -0.00047812 0.00000000 0.00000000 0.00000000 0.00000000 554.8248686946466 7.922819330804013e+17 0.015268906275307343 5.820334131369193 1.1675234465904236 0.5437131725767061 
-0.00036808 -0.00082079 -0.00022479 0.00000000 0.00000000 0.00000000 0.00000000 554.8248686946466 7.922819330804013e+17 0.015268906275307343 37.192076472984375 1.1675234465904236 0.5437131725767061 
0.00240748 0.00157534 -0.00031178 0.00000000 0.00000000 0.00000000 0.00000000 554.8248686946466 7.922819330804013e+17 0.015268906275307343 36.59750397387766 1.1675234465904236 0.5437131725767061 
-0.00277102 -0.00020934 -0.00015487 0.00000000 0.00000000 0.00000000 0.00000000 554.8248686946466 7.922819330804013e+17 0.015268906275307343 9.149903422744623 1.1675234465904236 0.5437131725767061 
0.00180883 0.00067374 -0.00046138 0.00000000 0.00000000 0.00000000 0.00000000 554.8248686946466 7.922819330804013e+17 0.015268906275307343 10.63969787588192 1.1675234465904236 0.5437131725767061 
#NAME: tdsCastem 
#COLUMN_NAMES: Def_C | Def_S | Def_W | F_0 | F_C | F_S | F_W | T_in | fast_flux | MSI | grid_clamping | C_growth | C_creep 
#COLUMN_TYPES:  D | D | D | D | D | D | D | D | D | D | D | D | D |

-0.00049954 0.00311259 0.00075024 0.00000000 0.00000000 0.00000000 0.00000000 550.3894451971229 8.117945821149787e+17 0.024519855462037523 9.945094220671601 0.8792174089230834 1.0793106791739087 
-0.00514004 -0.00418636 0.00009990 0.00000000 0.00000000 0.00000000 0.00000000 550.3894451971229 8.117945821149787e+17 0.024519855462037523 8.6604776243153 0.8792174089230834 1.0793106791739087 
0.00208705 -0.00056463 0.00016872 0.00000000 0.00000000 0.00000000 0.00000000 550.3894451971229 8.117945821149787e+17 0.024519855462037523 12.011306146448803 0.8792174089230834 1.0793106791739087 
0.00342715 -0.00040832 -0.00069659 0.00000000 0.00000000 0.00000000 0.00000000 550.3894451971229 8.117945821149787e+17 0.024519855462037523 37.22445019844446 0.8792174089230834 1.0793106791739087 
0.00034779 0.00093670 -0.00037911 0.00000000 0.00000000 0.00000000 0.00000000 550.3894451971229 8.117945821149787e+17 0.024519855462037523 37.46773110698821 0.8792174089230834 1.0793106791739087 
-0.00260544 -0.00650586 -0.00203933 0.00000000 0.00000000 0.00000000 0.00000000 550.3894451971229 8.117945821149787e+17 0.024519855462037523 6.00258404927246 0.8792174089230834 1.0793106791739087 
-0.00247465 0.00008561 0.00018095 0.00000000 0.00000000 0.00000000 0.00000000 550.3894451971229 8.117945821149787e+17 0.024519855462037523 3.4276040430096675 0.8792174089230834 1.0793106791739087 
-0.00656923 -0.00025627 0.00130597 0.00000000 0.00000000 0.00000000 0.00000000 550.3894451971229 8.117945821149787e+17 0.024519855462037523 6.11852918109455 0.8792174089230834 1.0793106791739087 
-0.00406641 0.00106111 -0.00151485 0.00000000 0.00000000 0.00000000 0.00000000 550.3894451971229 8.117945821149787e+17 0.024519855462037523 6.027917198131677 0.8792174089230834 1.0793106791739087 
-0.01105445 -0.00106222 -0.00123259 0.00000000 0.00000000 0.00000000 0.00000000 550.3894451971229 8.117945821149787e+17 0.024519855462037523 5.04785065168534 0.8792174089230834 1.0793106791739087 
0.00373753 0.00024981 0.00003360 0.00000000 0.00000000 0.00000000 0.00000000 550.3894451971229 8.117945821149787e+17 0.024519855462037523 4.217582576559266 0.8792174089230834 1.0793106791739087 
0.00028148 0.00047628 0.00031469 0.00000000 0.00000000 0.00000000 0.00000000 550.3894451971229 8.117945821149787e+17 0.024519855462037523 36.856774465457825 0.8792174089230834 1.0793106791739087 
0.00295004 -0.00068966 -0.00048521 0.00000000 0.00000000 0.00000000 0.00000000 550.3894451971229 8.117945821149787e+17 0.024519855462037523 37.60660281367917 0.8792174089230834 1.0793106791739087 
0.00767214 0.00343043 0.00045718 0.00000000 0.00000000 0.00000000 0.00000000 550.3894451971229 8.117945821149787e+17 0.024519855462037523 10.76468132764421 0.8792174089230834 1.0793106791739087 
-0.00608597 0.00491710 0.00006602 0.00000000 0.00000000 0.00000000 0.00000000 550.3894451971229 8.117945821149787e+17 0.024519855462037523 10.055383081321764 0.8792174089230834 1.0793106791739087 
#NAME: tdsCastem 
#COLUMN_NAMES: Def_C | Def_S | Def_W | F_0 | F_C | F_S | F_W | T_in | fast_flux | MSI | grid_clamping | C_growth | C_creep 
#COLUMN_TYPES:  D | D | D | D | D | D | D | D | D | D | D | D | D |

0.00013037 -0.00000478 -0.00002556 0.00000000 0.00000000 0.00000000 0.00000000 553.1160171030133 8.173123757301834e+17 0.016117055296995954 9.318001040556307 1.4080932631339524 1.0290889368212537 
-0.00014855 0.00002225 -0.00002053 0.00000000 0.00000000 0.00000000 0.00000000 553.1160171030133 8.173123757301834e+17 0.016117055296995954 9.312367191305558 1.4080932631339524 1.0290889368212537 
-0.00011590 -0.00000621 0.00008449 0.00000000 0.00000000 0.00000000 0.00000000 553.1160171030133 8.173123757301834e+17 0.016117055296995954 10.564146114458321 1.4080932631339524 1.0290889368212537 
-0.00022309 -0.00002287 0.00002045 0.00000000 0.00000000 0.00000000 0.00000000 553.1160171030133 8.173123757301834e+17 0.016117055296995954 36.583453589782444 1.4080932631339524 1.0290889368212537 
-0.00028693 -0.00003314 -0.00001195 0.00000000 0.00000000 0.00000000 0.00000000 553.1160171030133 8.173123757301834e+17 0.016117055296995954 36.21838463241189 1.4080932631339524 1.0290889368212537 
0.00014468 0.00051125 0.00005792 0.00000000 0.00000000 0.00000000 0.00000000 553.1160171030133 8.173123757301834e+17 0.016117055296995954 4.564514251991585 1.4080932631339524 1.0290889368212537 
0.00063569 -0.00075339 -0.00002076 0.00000000 0.00000000 0.00000000 0.00000000 553.1160171030133 8.173123757301834e+17 0.016117055296995954 5.355836068311448 1.4080932631339524 1.0290889368212537 
0.00016598 -0.00001888 -0.00013303 0.00000000 0.00000000 0.00000000 0.00000000 553.1160171030133 8.173123757301834e+17 0.016117055296995954 6.198194496607215 1.4080932631339524 1.0290889368212537 
0.00021123 0.00043992 -0.00008619 0.00000000 0.00000000 0.00000000 0.00000000 553.1160171030133 8.173123757301834e+17 0.016117055296995954 4.612528369484389 1.4080932631339524 1.0290889368212537 
-0.00027299 0.00009490 0.00007828 0.00000000 0.00000000 0.00000000 0.00000000 553.1160171030133 8.173123757301834e+17 0.016117055296995954 6.619460598246132 1.4080932631339524 1.0290889368212537 
0.00008281 0.00010134 0.00002030 0.00000000 0.00000000 0.00000000 0.00000000 553.1160171030133 8.173123757301834e+17 0.016117055296995954 6.25338286976535 1.4080932631339524 1.0290889368212537 
0.00016911 0.00023419 0.00000745 0.00000000 0.00000000 0.00000000 0.00000000 553.1160171030133 8.173123757301834e+17 0.016117055296995954 37.06865796075213 1.4080932631339524 1.0290889368212537 
0.00039276 0.00004473 -0.00002161 0.00000000 0.00000000 0.00000000 0.00000000 553.1160171030133 8.173123757301834e+17 0.016117055296995954 37.962076560987455 1.4080932631339524 1.0290889368212537 
0.00013563 -0.00006098 0.00005604 0.00000000 0.00000000 0.00000000 0.00000000 553.1160171030133 8.173123757301834e+17 0.016117055296995954 8.31969729029663 1.4080932631339524 1.0290889368212537 
0.00014776 0.00004874 0.00002410 0.00000000 0.00000000 0.00000000 0.00000000 553.1160171030133 8.173123757301834e+17 0.016117055296995954 9.598673611145674 1.4080932631339524 1.0290889368212537 
#NAME: tdsCastem 
#COLUMN_NAMES: Def_C | Def_S | Def_W | F_0 | F_C | F_S | F_W | T_in | fast_flux | MSI | grid_clamping | C_growth | C_creep 
#COLUMN_TYPES:  D | D | D | D | D | D | D | D | D | D | D | D | D |

0.00319170 0.00169090 0.00104675 0.00000000 0.00000000 0.00000000 0.00000000 553.7028220499541 7.87480044433759e+17 0.022920356275239372 9.657553358125227 0.7890476356594385 1.1628261301032616 
0.00296598 0.00222764 0.00082356 0.00000000 0.00000000 0.00000000 0.00000000 553.7028220499541 7.87480044433759e+17 0.022920356275239372 11.425733031015557 0.7890476356594385 1.1628261301032616 
0.00250826 0.00265904 0.00138037 0.00000000 0.00000000 0.00000000 0.00000000 553.7028220499541 7.87480044433759e+17 0.022920356275239372 10.788836686829413 0.7890476356594385 1.1628261301032616 
0.00060411 -0.00011180 0.00023310 0.00000000 0.00000000 0.00000000 0.00000000 553.7028220499541 7.87480044433759e+17 0.022920356275239372 37.591547369886214 0.7890476356594385 1.1628261301032616 
0.00030024 -0.00002358 0.00044024 0.00000000 0.00000000 0.00000000 0.00000000 553.7028220499541 7.87480044433759e+17 0.022920356275239372 36.93156998795703 0.7890476356594385 1.1628261301032616 
0.00512101 0.00414569 0.00312093 0.00000000 0.00000000 0.00000000 0.00000000 553.7028220499541 7.87480044433759e+17 0.022920356275239372 5.168788194676635 0.7890476356594385 1.1628261301032616 
0.00461098 0.00420897 0.00324603 0.00000000 0.00000000 0.00000000 0.00000000 553.7028220499541 7.87480044433759e+17 0.022920356275239372 5.850999181306397 0.7890476356594385 1.1628261301032616 
0.00518657 0.00397519 0.00287475 0.00000000 0.00000000 0.00000000 0.00000000 553.7028220499541 7.87480044433759e+17 0.022920356275239372 6.119377827019344 0.7890476356594385 1.1628261301032616 
0.00494883 0.00418363 0.00314383 0.00000000 0.00000000 0.00000000 0.00000000 553.7028220499541 7.87480044433759e+17 0.022920356275239372 5.64734025017191 0.7890476356594385 1.1628261301032616 
0.00503503 0.00391693 0.00255179 0.00000000 0.00000000 0.00000000 0.00000000 553.7028220499541 7.87480044433759e+17 0.022920356275239372 4.447733042911629 0.7890476356594385 1.1628261301032616 
0.00501831 0.00369563 0.00310507 0.00000000 0.00000000 0.00000000 0.00000000 553.7028220499541 7.87480044433759e+17 0.022920356275239372 4.764068204606901 0.7890476356594385 1.1628261301032616 
0.00005458 0.00003592 0.00034787 0.00000000 0.00000000 0.00000000 0.00000000 553.7028220499541 7.87480044433759e+17 0.022920356275239372 37.35763070655936 0.7890476356594385 1.1628261301032616 
0.00043214 0.00073500 0.00055043 0.00000000 0.00000000 0.00000000 0.00000000 553.7028220499541 7.87480044433759e+17 0.022920356275239372 36.91972245714405 0.7890476356594385 1.1628261301032616 
0.00329465 0.00189774 0.00145635 0.00000000 0.00000000 0.00000000 0.00000000 553.7028220499541 7.87480044433759e+17 0.022920356275239372 9.446478957344944 0.7890476356594385 1.1628261301032616 
0.00325183 0.00222569 0.00068483 0.00000000 0.00000000 0.00000000 0.00000000 553.7028220499541 7.87480044433759e+17 0.022920356275239372 9.427381899287031 0.7890476356594385 1.1628261301032616 
#NAME: tdsCastem 
#COLUMN_NAMES: Def_C | Def_S | Def_W | F_0 | F_C | F_S | F_W | T_in | fast_flux | MSI | grid_clamping | C_growth | C_creep 
#COLUMN_TYPES:  D | D | D | D | D | D | D | D | D | D | D | D | D |

0.00330089 0.00185561 0.00127749 0.00000000 0.00000000 0.00000000 0.00000000 561.3263518702687 8.083152358152977e+17 0.024558895756915375 10.966397058354987 1.0874097096594761 0.5964248155381762 
0.00295045 0.00221641 0.00066147 0.00000000 0.00000000 0.00000000 0.00000000 561.3263518702687 8.083152358152977e+17 0.024558895756915375 10.386606148239636 1.0874097096594761 0.5964248155381762 
0.00311853 0.00205376 0.00159850 0.00000000 0.00000000 0.00000000 0.00000000 561.3263518702687 8.083152358152977e+17 0.024558895756915375 9.488175998318388 1.0874097096594761 0.5964248155381762 
0.00008023 0.00018356 0.00008098 0.00000000 0.00000000 0.00000000 0.00000000 561.3263518702687 8.083152358152977e+17 0.024558895756915375 38.29536285056184 1.0874097096594761 0.5964248155381762 
0.00020491 0.00049101 0.00049169 0.00000000 0.00000000 0.00000000 0.00000000 561.3263518702687 8.083152358152977e+17 0.024558895756915375 36.919869998025234 1.0874097096594761 0.5964248155381762 
0.00468820 0.00398020 0.00283126 0.00000000 0.00000000 0.00000000 0.00000000 561.3263518702687 8.083152358152977e+17 0.024558895756915375 4.0833646590400035 1.0874097096594761 0.5964248155381762 
0.00498366 0.00401348 0.00334698 0.00000000 0.00000000 0.00000000 0.00000000 561.3263518702687 8.083152358152977e+17 0.024558895756915375 4.147047096967572 1.0874097096594761 0.5964248155381762 
0.00481518 0.00420263 0.00321190 0.00000000 0.00000000 0.00000000 0.00000000 561.3263518702687 8.083152358152977e+17 0.024558895756915375 5.297759247918588 1.0874097096594761 0.5964248155381762 
0.00471417 0.00361424 0.00261969 0.00000000 0.00000000 0.00000000 0.00000000 561.3263518702687 8.083152358152977e+17 0.024558895756915375 6.135540795421324 1.0874097096594761 0.5964248155381762 
0.00452143 0.00403643 0.00332412 0.00000000 0.00000000 0.00000000 0.00000000 561.3263518702687 8.083152358152977e+17 0.024558895756915375 3.474828240185186 1.0874097096594761 0.5964248155381762 
0.00496960 0.00439691 0.00305022 0.00000000 0.00000000 0.00000000 0.00000000 561.3263518702687 8.083152358152977e+17 0.024558895756915375 4.378655489818849 1.0874097096594761 0.5964248155381762 
0.00024853 0.00036175 -0.00013389 0.00000000 0.00000000 0.00000000 0.00000000 561.3263518702687 8.083152358152977e+17 0.024558895756915375 37.16494841370078 1.0874097096594761 0.5964248155381762 
0.00043513 0.00079548 0.00031132 0.00000000 0.00000000 0.00000000 0.00000000 561.3263518702687 8.083152358152977e+17 0.024558895756915375 37.431013845923175 1.0874097096594761 0.5964248155381762 
0.00299877 0.00200043 0.00090382 0.00000000 0.00000000 0.00000000 0.00000000 561.3263518702687 8.083152358152977e+17 0.024558895756915375 11.088121421032604 1.0874097096594761 0.5964248155381762 
0.00366142 0.00239179 0.00073186 0.00000000 0.00000000 0.00000000 0.00000000 561.3263518702687 8.083152358152977e+17 0.024558895756915375 11.952556659630371 1.0874097096594761 0.5964248155381762 
